Filtered Offers:  923
['pie', 'pie', 'pie']
['new_btpucp-cargo.csv', 'new_btpucp-nivelEstudio.csv', 'new_btpucp-idiomas.csv']
923
27
0.02925243770314193
41
0.044420368364030335
41
0.044420368364030335
239
0.2589382448537378
220
0.23835319609967498
55
0.059588299024918745
4
0.004333694474539545
89
0.09642470205850487
55
0.059588299024918745
147
0.15926327193932827
5
0.005417118093174431
923
27
0.02925243770314193
41
0.044420368364030335
41
0.044420368364030335
239
0.2589382448537378
220
0.23835319609967498
55
0.059588299024918745
4
0.004333694474539545
89
0.09642470205850487
55
0.059588299024918745
147
0.15926327193932827
5
0.005417118093174431
923
205
0.2221018418201517
258
0.27952329360780065
244
0.26435536294691225
209
0.22643553629469124
7
0.007583965330444204
925
1
0.001081081081081081
1
0.001081081081081081
388
0.41945945945945945
535
0.5783783783783784
